microsec of usleep(): 1
0.0
97.1
96.0
97.1
95.7
96.4
95.6
95.0
94.7
96.1
microsec of usleep(): 2
0.0
95.9
94.9
95.9
96.5
95.9
95.1
94.9
95.0
94.5
microsec of usleep(): 3
0.0
95.2
94.5
94.9
94.9
95.3
94.7
94.7
94.2
94.8
microsec of usleep(): 4
0.0
92.7
93.0
91.7
91.6
92.1
91.5
92.0
92.5
92.5
microsec of usleep(): 5
0.0
98.9
99.1
99.1
98.9
99.1
99.1
99.1
99.1
99.1
microsec of usleep(): 6
0.0
71.9
70.8
71.9
70.9
69.1
73.3
71.2
71.1
71.8
microsec of usleep(): 7
0.0
46.1
44.6
45.6
46.3
45.7
46.1
45.6
45.3
46.8
microsec of usleep(): 8
0.0
44.0
44.6
47.6
45.6
45.2
45.8
44.9
46.1
45.0
microsec of usleep(): 9
0.0
46.8
45.6
46.0
45.4
44.5
46.5
44.7
46.8
45.7
microsec of usleep(): 10
0.0
40.2
46.0
44.6
44.9
38.5
45.9
45.8
45.5
46.2
