10829627
3309916
2524000
3363382
3293254
3416553
3349358
3789096
3289893
3658054
6251005
3501989
7337677
3219480
3274131
2832497
3256360
4390953
3122258
3326282
3322869
3159003
3283743
7123683
3222960
3259809
3394727
3136231
3251778
3323662
3511561
3364591
3143129
3122749
3162003
3432888
3118543
3002319
3459451
8172862
3249166
3301290
4120541
3247889
3158160
3000707
3363708
2746580
3838376
2747304
3586918
3709473
5340508
3139546
3356651
3352795
3367103
3124324
6430990
3467934
3162599
3399848
2214893
10173305
3135110
3196017
2984539
3545767
3130323
3268785
3071593
3549031
3155179
3049405
3209082
3071487
3403313
2735305
3116332
2230103
3314452
2902791
4151304
2888522
3468741
3373526
3383739
3280325
3365093
3144056
3107349
3373990
7922802
3367410
4997071
3662855
3095167
3305710
3413601
3298490
3178558
2299816
